// MilkShape 3D ASCII

Frames: 1
Frame: 1

Meshes: 1
"bb" 0 0
60
0 -50.712860 -5.814039 28.401686 0.000000 0.000000 -1
0 -50.712860 -5.814039 18.065815 0.000000 1.000000 -1
0 -40.308350 -5.814039 28.401686 1.000000 0.000000 -1
0 -40.308350 -5.814039 18.065815 1.000000 1.000000 -1
0 22.487137 -5.814039 31.601677 0.000000 0.000000 -1
0 22.487137 -5.814039 21.265814 0.000000 1.000000 -1
0 32.891647 -5.814039 31.601677 1.000000 0.000000 -1
0 32.891647 -5.814039 21.265814 1.000000 1.000000 -1
0 31.287144 -5.814039 17.601675 0.000000 0.000000 -1
0 31.287144 -5.814039 7.265814 0.000000 1.000000 -1
0 41.691654 -5.814039 17.601675 1.000000 0.000000 -1
0 41.691654 -5.814039 7.265814 1.000000 1.000000 -1
0 -117.312851 -5.439039 22.601673 0.000000 0.000000 -1
0 -117.312851 -5.439039 12.265810 0.000000 1.000000 -1
0 -106.908340 -5.439039 22.601673 1.000000 0.000000 -1
0 -106.908340 -5.439039 12.265810 1.000000 1.000000 -1
0 71.453827 -4.980705 -13.148327 0.000000 0.000000 -1
0 71.453827 -4.980705 -23.484192 0.000000 1.000000 -1
0 81.858322 -4.980705 -13.148327 1.000000 0.000000 -1
0 81.858322 -4.980705 -23.484192 1.000000 1.000000 -1
0 91.487152 -6.147372 -19.948326 0.000000 0.000000 -1
0 91.487152 -6.147372 -30.284185 0.000000 1.000000 -1
0 101.891647 -6.147372 -19.948326 1.000000 0.000000 -1
0 101.891647 -6.147372 -30.284185 1.000000 1.000000 -1
0 82.687157 -6.147372 -45.948326 0.000000 0.000000 -1
0 82.687157 -6.147372 -56.284187 0.000000 1.000000 -1
0 93.091652 -6.147372 -45.948326 1.000000 0.000000 -1
0 93.091652 -6.147372 -56.284187 1.000000 1.000000 -1
0 13.809639 -6.017973 14.911494 0.000000 0.000000 -1
0 13.809639 -6.017973 5.389336 0.000000 1.000000 -1
0 27.125544 -6.017973 14.911494 1.000000 0.000000 -1
0 27.125544 -6.017973 5.389336 1.000000 1.000000 -1
0 32.177540 -6.017973 27.372456 0.000000 0.000000 -1
0 39.577660 -6.017973 21.379955 0.000000 1.000000 -1
0 40.557526 -6.017973 37.720867 1.000000 0.000000 -1
0 47.957626 -6.017973 31.728367 1.000000 1.000000 -1
0 85.451271 -6.017973 7.087194 0.000000 0.000000 -1
0 83.309258 -6.017973 -2.190926 0.000000 1.000000 -1
0 98.425919 -6.017973 4.091743 1.000000 0.000000 -1
0 96.283905 -6.017973 -5.186360 1.000000 1.000000 -1
0 75.815605 -6.017973 -28.440338 0.000000 0.000000 -1
0 70.085014 -6.017973 -36.045094 0.000000 1.000000 -1
0 86.450157 -6.017973 -36.454086 1.000000 0.000000 -1
0 80.719574 -6.017973 -44.058826 1.000000 1.000000 -1
0 -37.184635 -6.017973 10.614998 0.000000 0.000000 -1
0 -28.938177 -6.017973 5.853909 0.000000 1.000000 -1
0 -30.526642 -6.017973 22.146919 1.000000 0.000000 -1
0 -22.280207 -6.017973 17.385832 1.000000 1.000000 -1
0 -127.417175 -6.017973 3.581631 0.000000 0.000000 -1
0 -121.955460 -6.017973 -4.218491 0.000000 1.000000 -1
0 -116.509369 -6.017973 11.219311 1.000000 0.000000 -1
0 -111.047676 -6.017973 3.419205 1.000000 1.000000 -1
0 -64.859619 -6.017973 12.944459 0.000000 0.000000 -1
0 -66.676521 -6.017973 3.597203 0.000000 1.000000 -1
0 -51.788319 -6.017973 10.403609 1.000000 0.000000 -1
0 -53.605232 -6.017973 1.056384 1.000000 1.000000 -1
0 -125.377274 -6.177906 -20.992886 0.000000 0.000000 -1
0 -125.377274 -6.177906 -144.106293 0.000000 1.000000 -1
0 61.622726 -6.177906 -20.992886 1.000000 0.000000 -1
0 61.622726 -6.177906 -144.106293 1.000000 1.000000 -1
1
0.000000 -1.000000 0.000000
30
0 0 1 2 0 0 0 3
0 1 3 2 0 0 0 3
0 4 5 6 0 0 0 3
0 5 7 6 0 0 0 3
0 8 9 10 0 0 0 3
0 9 11 10 0 0 0 3
0 12 13 14 0 0 0 3
0 13 15 14 0 0 0 3
0 16 17 18 0 0 0 3
0 17 19 18 0 0 0 3
0 20 21 22 0 0 0 3
0 21 23 22 0 0 0 3
0 24 25 26 0 0 0 3
0 25 27 26 0 0 0 3
0 28 29 30 0 0 0 3
0 29 31 30 0 0 0 3
0 32 33 34 0 0 0 3
0 33 35 34 0 0 0 3
0 36 37 38 0 0 0 3
0 37 39 38 0 0 0 3
0 40 41 42 0 0 0 3
0 41 43 42 0 0 0 3
0 44 45 46 0 0 0 3
0 45 47 46 0 0 0 3
0 48 49 50 0 0 0 3
0 49 51 50 0 0 0 3
0 52 53 54 0 0 0 3
0 53 55 54 0 0 0 3
0 56 57 58 0 0 0 3
0 57 59 58 0 0 0 3

Materials: 1
"Material01"
0.752941 0.752941 0.752941 1.000000
0.800000 0.800000 0.800000 1.000000
0.000000 0.000000 0.000000 1.000000
0.000000 0.000000 0.000000 1.000000
0.000000
1.000000
""
""

Bones: 0
GroupComments: 0
MaterialComments: 0
BoneComments: 0
ModelComment: 0
