// MilkShape 3D ASCII

Frames: 1
Frame: 1

Meshes: 1
"bb" 1 -1
72
1 -106.577271 -3.000000 22.367085 0.000000 0.000000 -1
1 -106.577271 -3.000000 11.700418 0.000000 1.000000 -1
1 -117.243935 -3.000000 11.700418 1.000000 1.000000 -1
1 -117.243935 -3.000000 22.367085 1.000000 0.000000 -1
1 -39.910606 -3.000000 28.700418 0.000000 0.000000 -1
1 -39.910606 -3.000000 18.033752 0.000000 1.000000 -1
1 -50.577271 -3.000000 18.033752 1.000000 1.000000 -1
1 -50.577271 -3.000000 28.700418 1.000000 0.000000 -1
1 42.089390 -3.000000 18.700420 0.000000 0.000000 -1
1 42.089390 -3.000000 8.033752 0.000000 1.000000 -1
1 31.422726 -3.000000 8.033752 1.000000 1.000000 -1
1 31.422726 -3.000000 18.700420 1.000000 0.000000 -1
1 32.422726 -3.000000 31.867085 0.000000 0.000000 -1
1 32.422726 -3.000000 21.200418 0.000000 1.000000 -1
1 21.756062 -3.000000 21.200418 1.000000 1.000000 -1
1 21.756062 -3.000000 31.867085 1.000000 0.000000 -1
1 81.589386 -3.000000 -13.132915 0.000000 0.000000 -1
1 81.589386 -3.000000 -23.799582 0.000000 1.000000 -1
1 70.922729 -3.000000 -23.799582 1.000000 1.000000 -1
1 70.922729 -3.000000 -13.132915 1.000000 0.000000 -1
1 102.256050 -3.000000 -19.799583 0.000000 0.000000 -1
1 102.256050 -3.000000 -30.466249 0.000000 1.000000 -1
1 91.589394 -3.000000 -30.466249 1.000000 1.000000 -1
1 91.589394 -3.000000 -19.799583 1.000000 0.000000 -1
1 93.089378 -3.000000 -45.299583 0.000000 0.000000 -1
1 93.089378 -3.000000 -55.966248 0.000000 1.000000 -1
1 82.422722 -3.000000 -55.966248 1.000000 1.000000 -1
1 82.422722 -3.000000 -45.299583 1.000000 0.000000 -1
1 82.864944 0.000000 -31.938377 0.000000 0.000000 -1
1 82.864944 0.000000 -39.494125 0.000000 1.000000 -1
1 74.147202 0.000000 -39.494125 1.000000 1.000000 -1
1 74.147202 0.000000 -31.938377 1.000000 0.000000 -1
1 94.698280 0.000000 4.561622 0.000000 0.000000 -1
1 94.698280 0.000000 -2.994126 0.000000 1.000000 -1
1 85.980537 0.000000 -2.994126 1.000000 1.000000 -1
1 85.980537 0.000000 4.561622 1.000000 0.000000 -1
1 45.031609 0.000000 33.061623 0.000000 0.000000 -1
1 45.031609 0.000000 25.505875 0.000000 1.000000 -1
1 36.313866 0.000000 25.505875 1.000000 1.000000 -1
1 36.313866 0.000000 33.061623 1.000000 0.000000 -1
1 23.698275 0.000000 14.561621 0.000000 0.000000 -1
1 23.698275 0.000000 7.005873 0.000000 1.000000 -1
1 14.980532 0.000000 7.005873 1.000000 1.000000 -1
1 14.980532 0.000000 14.561621 1.000000 0.000000 -1
1 -25.635057 0.000000 17.728287 0.000000 0.000000 -1
1 -25.635057 0.000000 10.172540 0.000000 1.000000 -1
1 -34.352798 0.000000 10.172540 1.000000 1.000000 -1
1 -34.352798 0.000000 17.728287 1.000000 0.000000 -1
1 -55.801727 0.000000 10.894954 0.000000 0.000000 -1
1 -55.801727 0.000000 3.339207 0.000000 1.000000 -1
1 -64.519463 0.000000 3.339207 1.000000 1.000000 -1
1 -64.519463 0.000000 10.894954 1.000000 0.000000 -1
1 -115.301735 0.000000 7.894955 0.000000 0.000000 -1
1 -115.301735 0.000000 0.339207 0.000000 1.000000 -1
1 -124.019463 0.000000 0.339207 1.000000 1.000000 -1
1 -124.019463 0.000000 7.894955 1.000000 0.000000 -1
1 70.922737 0.000000 -79.299583 0.000000 0.000000 -1
1 70.922737 0.000000 -136.799591 0.000000 1.000000 -1
1 -129.577271 0.000000 -136.799591 1.000000 1.000000 -1
1 -129.577271 0.000000 -79.299583 1.000000 0.000000 -1
1 59.922737 0.000000 -57.299583 0.000000 0.000000 -1
1 59.922737 0.000000 -77.299583 0.000000 1.000000 -1
1 -130.077271 0.000000 -77.299583 1.000000 1.000000 -1
1 -130.077271 0.000000 -57.299583 1.000000 0.000000 -1
1 37.422737 0.000000 -40.299583 0.000000 0.000000 -1
1 37.422737 0.000000 -54.799583 0.000000 1.000000 -1
1 -129.577271 0.000000 -54.799583 1.000000 1.000000 -1
1 -129.577271 0.000000 -40.299583 1.000000 0.000000 -1
1 18.922737 0.000000 -13.799583 0.000000 0.000000 -1
1 18.922737 0.000000 -37.299583 0.000000 1.000000 -1
1 -109.077263 0.000000 -37.299583 1.000000 1.000000 -1
1 -109.077263 0.000000 -13.799583 1.000000 0.000000 -1
1
0.000000 1.000000 0.000000
36
1 0 1 2 0 0 0 1
1 0 2 3 0 0 0 1
1 4 5 6 0 0 0 1
1 4 6 7 0 0 0 1
1 8 9 10 0 0 0 1
1 8 10 11 0 0 0 1
1 12 13 14 0 0 0 1
1 12 14 15 0 0 0 1
1 16 17 18 0 0 0 1
1 16 18 19 0 0 0 1
1 20 21 22 0 0 0 1
1 20 22 23 0 0 0 1
1 24 25 26 0 0 0 1
1 24 26 27 0 0 0 1
1 28 29 30 0 0 0 1
1 28 30 31 0 0 0 1
1 32 33 34 0 0 0 1
1 32 34 35 0 0 0 1
1 36 37 38 0 0 0 1
1 36 38 39 0 0 0 1
1 40 41 42 0 0 0 1
1 40 42 43 0 0 0 1
1 44 45 46 0 0 0 1
1 44 46 47 0 0 0 1
1 48 49 50 0 0 0 1
1 48 50 51 0 0 0 1
1 52 53 54 0 0 0 1
1 52 54 55 0 0 0 1
1 56 57 58 0 0 0 1
1 56 58 59 0 0 0 1
1 60 61 62 0 0 0 1
1 60 62 63 0 0 0 1
1 64 65 66 0 0 0 1
1 64 66 67 0 0 0 1
1 68 69 70 0 0 0 1
1 68 70 71 0 0 0 1

Materials: 1
"bbmat"
0.764706 0.764706 0.764706 1.000000
0.800000 0.800000 0.800000 1.000000
0.000000 0.000000 0.000000 1.000000
0.000000 0.000000 0.000000 1.000000
0.000000
1.000000
""
""

Bones: 0
GroupComments: 0
MaterialComments: 0
BoneComments: 0
ModelComment: 0
